66,52
66,51
66,50
66,49
66,48
66,47
66,46
66,45
66,44
66,43
66,42
66,41
66,40
66,39
66,38
66,37
66,36
66,35
3,2
3,1
3,3
10,35
10,116
10,117
10,16
10,6
10,126
46,3
46,2
46,1
46,0
45,6
45,5
45,4
45,3
45,2
45,1
45,0
42,4
42,3
42,1
11,28
11,27
11,25
11,24
11,23
11,22
11,20
11,19
11,18
11,17
11,15
11,13
11,12
11,11
11,10
11,8
11,5
11,4
10,298
10,295
10,85
11,16
11,26
11,7
11,9
11,6
11,14
11,1
11,21
11,2
11,3
8,5
8,14
8,2
8,3
12,2
12,1
12,3
10,292
10,285
10,284
20,2
20,1
20,3
19,2
19,1
19,3
10,283
10,280
10,278
10,277
10,275
10,274
10,262
10,259
10,257
10,254
10,246
10,234
10,233
10,231
